epoch: 0	lr: 0.000100	L1 loss: 58.20	iter: 0/16000	[2020-08-14 00:40:14.851600]
epoch: 0	lr: 0.000100	L1 loss: 14.57	iter: 1600/16000	[2020-08-14 00:40:54.263945]
epoch: 0	lr: 0.000100	L1 loss: 12.04	iter: 3200/16000	[2020-08-14 00:41:33.910003]
epoch: 0	lr: 0.000100	L1 loss: 10.90	iter: 4800/16000	[2020-08-14 00:42:13.527437]
