RB_num: 32	F: 256	P: 43089947	MB: 5395.141705	time: 0.000000 (original)
RB_num: 67	F: 192	P: 43058331	MB: 16136.521099	time: 0.000000 (PRV)
